Total loss: 6437006994.44
MSE: 20.8729340603
RMSE: 4.56869062865
