Total loss: 15382242239.2
MSE: 5.14426140207
RMSE: 2.26809642698
